UKQADKGW [22, 69, 49, 51, 59, 30] [76, -9, 194, 194, -10, 76] [51, 49, 51, 57, 47, -1]
CKJNCZHY [87, 93, 97, 72, 12, 99] [63, 128, -117, 128, 103, -81] [48, 34, 34, 47, 55, -1]
RCYVMSQG [79, 32, 38, 24, 46, 19, 18] [10, 175, -119, 187, 62, -164, -79] [57, 33, 57, 44, 35, 42, -1]
EOJYTGCZ [75, 30, 82, 34, 41, 83, 65, 61] [9, 177, 27, -185, 115, -76, 146, -126] [37, 40, 56, 38, 32, 50, 27, -1]
MPCINBKR [81, 95, 58, 80, 14, 84, 91, 40] [127, -54, 163, 198, 165, -139, 56, 118] [40, 41, 37, 42, 30, 35, 26, -1]
RFAKFZQZ [32, 61, 42, 19, 39, 93, 21, 13] [39, 103, -119, 118, -82, 34, 43, 98] [43, 57, 54, 40, 57, 52, 32, -1]
UJBDDOIW [100, 45, 61, 59, 68, 20] [135, -116, 186, 39, -181, 94] [38, 50, 56, 48, 33, -1]
JSDOMZST [97, 44, 37, 16] [128, -116, 24, 84] [49, 48, 31, -1]
BFVONKJY [78, 65, 57, 65, 53, 52, 12] [110, 81, 72, -192, 12, -75, 45] [50, 41, 44, 33, 22, 42, -1]
PZOAYSPD [90, 90, 32, 25, 15] [143, 90, -101, -46, 9] [57, 51, 49, 28, -1]
